TOA,AOA,Amp,Freq,PW
0.0000010,45.00000,-47,9464843750,0.0000015
0.0002010,45.00000,-44,9468750000,0.0000005
0.0003010,45.00000,-43,9468750000,0.0000010
0.0004010,46.40625,-41,9468750000,0.0000015
0.0005010,45.00000,-39,9464843750,0.0000010
0.0006015,45.00000,-38,9468750000,0.0000005
0.0007010,45.00000,-37,9468750000,0.0000010
0.0008010,45.00000,-36,9464843750,0.0000010
0.0009010,43.59375,-34,9464843750,0.0000010
0.0010005,45.00000,-35,9468750000,0.0000010
0.0011010,46.40625,-35,9464843750,0.0000010
0.0012010,45.00000,-33,9468750000,0.0000015
0.0013005,45.00000,-33,9464843750,0.0000010
0.0014010,45.00000,-32,9468750000,0.0000010
0.0015010,45.00000,-32,9468750000,0.0000010
0.0016010,45.00000,-31,9468750000,0.0000015
0.0017010,45.00000,-31,9468750000,0.0000010
0.0018010,45.00000,-30,9468750000,0.0000005
0.0019010,46.40625,-30,9472656250,0.0000010
0.0020010,45.00000,-30,9468750000,0.0000015
0.0021010,45.00000,-29,9468750000,0.0000010
0.0022010,45.00000,-29,9468750000,0.0000010
0.0023010,45.00000,-27,9468750000,0.0000010
0.0024010,46.40625,-28,9464843750,0.0000010
0.0025010,45.00000,-29,9472656250,0.0000010
0.0026010,45.00000,-27,9468750000,0.0000010
0.0027005,46.40625,-27,9468750000,0.0000010
0.0028010,45.00000,-27,9472656250,0.0000010
0.0029010,45.00000,-27,9468750000,0.0000010
0.0030010,45.00000,-26,9468750000,0.0000010
0.0031010,45.00000,-26,9468750000,0.0000010
0.0032010,43.59375,-27,9464843750,0.0000010
0.0033005,45.00000,-26,9468750000,0.0000010
0.0034010,46.40625,-24,9468750000,0.0000010
0.0035005,45.00000,-25,9468750000,0.0000010
0.0036010,43.59375,-25,9468750000,0.0000010
0.0037005,43.59375,-24,9472656250,0.0000010
0.0038010,43.59375,-26,9472656250,0.0000010
0.0039005,45.00000,-24,9468750000,0.0000010
0.0040010,45.00000,-24,9468750000,0.0000010
0.0041010,45.00000,-24,9468750000,0.0000010
0.0042010,45.00000,-24,9468750000,0.0000010
0.0043010,46.40625,-24,9468750000,0.0000010
0.0044010,45.00000,-24,9468750000,0.0000005
0.0045005,43.59375,-23,9468750000,0.0000010
0.0046015,43.59375,-23,9468750000,0.0000010
0.0047005,45.00000,-23,9468750000,0.0000010
0.0048010,45.00000,-23,9468750000,0.0000010
0.0049010,45.00000,-22,9468750000,0.0000005
0.0050010,45.00000,-22,9468750000,0.0000010
0.0051010,45.00000,-23,9468750000,0.0000010
0.0052010,45.00000,-23,9468750000,0.0000010
0.0053010,46.40625,-23,9468750000,0.0000010
0.0054010,45.00000,-22,9468750000,0.0000010
0.0055015,45.00000,-22,9468750000,0.0000010
0.0056005,45.00000,-21,9468750000,0.0000005
0.0057010,45.00000,-22,9468750000,0.0000010
0.0058010,43.59375,-22,9468750000,0.0000010
0.0059010,45.00000,-22,9468750000,0.0000010
0.0060010,45.00000,-22,9468750000,0.0000015
0.0061010,46.40625,-22,9468750000,0.0000010
0.0062010,45.00000,-22,9468750000,0.0000010
0.0063010,45.00000,-21,9468750000,0.0000010
0.0064010,45.00000,-21,9468750000,0.0000010
0.0065010,45.00000,-21,9468750000,0.0000015
0.0066010,45.00000,-21,9468750000,0.0000010
0.0067010,45.00000,-21,9468750000,0.0000010
0.0068015,45.00000,-21,9468750000,0.0000005
0.0069010,45.00000,-21,9468750000,0.0000005
0.0070010,43.59375,-20,9468750000,0.0000010
0.0071010,45.00000,-21,9468750000,0.0000010
0.0072010,45.00000,-21,9468750000,0.0000010
0.0073010,46.40625,-21,9468750000,0.0000015
0.0074010,43.59375,-21,9468750000,0.0000010
0.0075010,45.00000,-22,9468750000,0.0000010
0.0076010,46.40625,-21,9468750000,0.0000015
0.0077010,46.40625,-21,9468750000,0.0000010
0.0078015,45.00000,-19,9468750000,0.0000010
0.0079010,45.00000,-20,9468750000,0.0000010
0.0080010,45.00000,-20,9468750000,0.0000010
0.0081010,46.40625,-20,9472656250,0.0000010
0.0082010,45.00000,-20,9468750000,0.0000010
0.0083010,45.00000,-20,9468750000,0.0000010
0.0084010,46.40625,-20,9464843750,0.0000010
0.0085015,45.00000,-20,9468750000,0.0000010
0.0086015,45.00000,-20,9468750000,0.0000010
0.0087010,46.40625,-20,9472656250,0.0000015
0.0088010,45.00000,-20,9472656250,0.0000010
0.0089010,45.00000,-20,9464843750,0.0000015
0.0090010,45.00000,-20,9468750000,0.0000010
0.0091010,45.00000,-20,9468750000,0.0000010
0.0092010,45.00000,-20,9464843750,0.0000005
0.0093010,45.00000,-21,9468750000,0.0000015
0.0094010,45.00000,-20,9468750000,0.0000015
0.0095010,45.00000,-20,9468750000,0.0000010
0.0096010,45.00000,-20,9468750000,0.0000010
0.0097010,46.40625,-20,9472656250,0.0000010
0.0098010,45.00000,-20,9472656250,0.0000010
0.0099010,45.00000,-19,9468750000,0.0000010
0.0100010,45.00000,-19,9468750000,0.0000015
0.0101010,45.00000,-21,9468750000,0.0000015
0.0102010,45.00000,-21,9468750000,0.0000010
0.0103010,43.59375,-20,9468750000,0.0000010
0.0104010,45.00000,-20,9468750000,0.0000015
0.0105010,46.40625,-20,9468750000,0.0000010
0.0106010,45.00000,-20,9472656250,0.0000010
0.0107010,45.00000,-20,9468750000,0.0000010
0.0108010,45.00000,-21,9468750000,0.0000010
0.0109010,45.00000,-20,9468750000,0.0000010
0.0110010,43.59375,-20,9468750000,0.0000010
0.0111010,43.59375,-20,9468750000,0.0000010
0.0112005,45.00000,-20,9472656250,0.0000010
0.0113010,45.00000,-20,9468750000,0.0000010
0.0114010,46.40625,-20,9468750000,0.0000010
0.0115010,45.00000,-20,9468750000,0.0000010
0.0116010,45.00000,-20,9468750000,0.0000010
0.0117010,43.59375,-21,9464843750,0.0000010
0.0118010,45.00000,-20,9468750000,0.0000010
0.0119005,45.00000,-20,9468750000,0.0000010
0.0120010,45.00000,-21,9468750000,0.0000010
0.0121010,46.40625,-21,9468750000,0.0000010
0.0122010,45.00000,-21,9468750000,0.0000015
0.0123010,45.00000,-21,9468750000,0.0000010
0.0124010,45.00000,-21,9468750000,0.0000010
0.0125010,45.00000,-21,9468750000,0.0000010
0.0126010,45.00000,-21,9468750000,0.0000005
0.0127010,45.00000,-21,9468750000,0.0000010
0.0128010,45.00000,-20,9468750000,0.0000010
0.0129010,45.00000,-21,9468750000,0.0000005
0.0130010,45.00000,-21,9468750000,0.0000010
0.0131010,45.00000,-21,9472656250,0.0000015
0.0132010,45.00000,-21,9468750000,0.0000010
0.0133010,45.00000,-21,9468750000,0.0000010
0.0134010,45.00000,-21,9472656250,0.0000005
0.0135010,45.00000,-21,9464843750,0.0000010
0.0136010,45.00000,-22,9464843750,0.0000010
0.0137010,45.00000,-22,9468750000,0.0000015
0.0138010,45.00000,-21,9472656250,0.0000010
0.0139010,45.00000,-22,9464843750,0.0000010
0.0140010,46.40625,-22,9468750000,0.0000010
0.0141005,45.00000,-22,9468750000,0.0000005
0.0142010,45.00000,-22,9468750000,0.0000010
0.0143010,45.00000,-22,9468750000,0.0000010
0.0144010,45.00000,-22,9468750000,0.0000010
0.0145010,43.59375,-22,9468750000,0.0000010
0.0146010,45.00000,-23,9468750000,0.0000010
0.0147005,46.40625,-23,9468750000,0.0000010
0.0148010,43.59375,-23,9468750000,0.0000010
0.0149010,45.00000,-23,9468750000,0.0000010
0.0150005,45.00000,-23,9468750000,0.0000010
0.0151010,45.00000,-23,9464843750,0.0000010
0.0152010,45.00000,-23,9468750000,0.0000010
0.0153010,46.40625,-24,9468750000,0.0000010
0.0154010,45.00000,-24,9468750000,0.0000010
0.0155015,45.00000,-24,9468750000,0.0000010
0.0156010,45.00000,-24,9468750000,0.0000010
0.0157010,45.00000,-24,9468750000,0.0000010
0.0158010,45.00000,-24,9468750000,0.0000010
0.0159010,45.00000,-25,9464843750,0.0000015
0.0160015,45.00000,-25,9468750000,0.0000010
0.0161010,43.59375,-24,9468750000,0.0000010
0.0162010,45.00000,-25,9464843750,0.0000010
0.0163010,45.00000,-25,9468750000,0.0000010
0.0164010,46.40625,-26,9468750000,0.0000010
0.0165010,43.59375,-26,9472656250,0.0000010
0.0166010,46.40625,-26,9468750000,0.0000010
0.0167010,45.00000,-25,9468750000,0.0000010
0.0168010,45.00000,-27,9468750000,0.0000010
0.0169010,45.00000,-27,9468750000,0.0000005
0.0170015,45.00000,-27,9468750000,0.0000010
0.0171005,45.00000,-27,9468750000,0.0000010
0.0172010,45.00000,-28,9468750000,0.0000015
0.0173010,45.00000,-27,9468750000,0.0000010
0.0174015,45.00000,-28,9468750000,0.0000010
0.0175015,45.00000,-29,9468750000,0.0000010
0.0176010,43.59375,-29,9468750000,0.0000010
0.0177010,46.40625,-29,9468750000,0.0000010
0.0178015,45.00000,-30,9468750000,0.0000005
0.0179010,45.00000,-30,9468750000,0.0000010
0.0180010,45.00000,-31,9468750000,0.0000010
0.0181010,43.59375,-32,9468750000,0.0000015
0.0182010,45.00000,-31,9468750000,0.0000010
0.0183010,45.00000,-32,9468750000,0.0000010
0.0184010,45.00000,-32,9468750000,0.0000010
0.0185010,45.00000,-33,9464843750,0.0000010
0.0186010,45.00000,-34,9468750000,0.0000010
0.0187010,45.00000,-34,9464843750,0.0000015
0.0188010,43.59375,-34,9468750000,0.0000010
0.0189010,45.00000,-36,9468750000,0.0000010
0.0190010,45.00000,-37,9472656250,0.0000010
0.0191010,45.00000,-38,9468750000,0.0000010
0.0192010,45.00000,-39,9468750000,0.0000005
0.0193010,45.00000,-41,9468750000,0.0000010
0.0194010,45.00000,-41,9468750000,0.0000010
0.0195010,46.40625,-43,9464843750,0.0000010
0.0196010,43.59375,-46,9472656250,0.0000010
0.0197010,45.00000,-48,9468750000,0.0000010
1.4500015,45.00000,-47,9468750000,0.0000010
1.4502010,45.00000,-44,9464843750,0.0000010
1.4503005,43.59375,-41,9472656250,0.0000010
1.4504010,45.00000,-40,9468750000,0.0000015
1.4505010,45.00000,-39,9468750000,0.0000010
1.4506010,45.00000,-38,9468750000,0.0000010
1.4507015,43.59375,-37,9468750000,0.0000015
1.4508010,43.59375,-36,9468750000,0.0000010
1.4509005,45.00000,-35,9468750000,0.0000010
1.4510015,45.00000,-35,9472656250,0.0000010
1.4511010,45.00000,-34,9468750000,0.0000015
1.4512010,46.40625,-33,9468750000,0.0000015
1.4513010,45.00000,-34,9468750000,0.0000005
1.4514005,45.00000,-33,9468750000,0.0000015
1.4515005,46.40625,-32,9468750000,0.0000010
1.4516010,46.40625,-31,9468750000,0.0000010
1.4517010,45.00000,-31,9464843750,0.0000010
1.4518010,45.00000,-29,9468750000,0.0000010
1.4519015,45.00000,-30,9468750000,0.0000010
1.4520005,45.00000,-29,9468750000,0.0000010
1.4521005,45.00000,-30,9468750000,0.0000010
1.4522010,43.59375,-30,9472656250,0.0000010
1.4523015,45.00000,-28,9468750000,0.0000010
1.4524010,45.00000,-28,9468750000,0.0000010
1.4525010,45.00000,-28,9468750000,0.0000015
1.4526010,45.00000,-27,9464843750,0.0000010
1.4527010,46.40625,-27,9468750000,0.0000010
1.4528010,43.59375,-27,9468750000,0.0000010
1.4529010,45.00000,-27,9468750000,0.0000010
1.4530010,45.00000,-26,9468750000,0.0000010
1.4531010,45.00000,-26,9468750000,0.0000010
1.4532010,45.00000,-26,9468750000,0.0000010
1.4533010,45.00000,-26,9468750000,0.0000005
1.4534010,45.00000,-25,9472656250,0.0000010
1.4535010,45.00000,-25,9468750000,0.0000010
1.4536010,45.00000,-25,9464843750,0.0000010
1.4537015,45.00000,-26,9468750000,0.0000010
1.4538010,45.00000,-25,9464843750,0.0000005
1.4539010,45.00000,-24,9468750000,0.0000010
1.4540005,45.00000,-25,9468750000,0.0000010
1.4541010,45.00000,-23,9468750000,0.0000010
1.4542010,45.00000,-24,9464843750,0.0000010
1.4543010,45.00000,-24,9468750000,0.0000015
1.4544010,43.59375,-23,9468750000,0.0000010
1.4545010,46.40625,-23,9468750000,0.0000010
1.4546010,45.00000,-23,9464843750,0.0000010
1.4547010,45.00000,-23,9468750000,0.0000010
1.4548010,45.00000,-22,9468750000,0.0000015
1.4549010,45.00000,-23,9468750000,0.0000010
1.4550010,43.59375,-23,9468750000,0.0000010
1.4551010,45.00000,-23,9468750000,0.0000010
1.4552005,45.00000,-23,9468750000,0.0000010
1.4553015,45.00000,-22,9468750000,0.0000010
1.4554010,45.00000,-22,9468750000,0.0000010
1.4555005,43.59375,-21,9468750000,0.0000010
1.4556010,45.00000,-22,9468750000,0.0000005
1.4557010,45.00000,-22,9468750000,0.0000005
1.4558010,46.40625,-22,9468750000,0.0000010
1.4559010,45.00000,-22,9468750000,0.0000010
1.4560015,45.00000,-22,9468750000,0.0000005
1.4561010,43.59375,-22,9468750000,0.0000010
1.4562015,45.00000,-22,9468750000,0.0000010
1.4563015,45.00000,-21,9468750000,0.0000010
1.4564010,45.00000,-21,9468750000,0.0000010
1.4565010,45.00000,-21,9468750000,0.0000010
1.4566010,45.00000,-20,9468750000,0.0000010
1.4567010,45.00000,-22,9468750000,0.0000010
1.4568015,45.00000,-21,9464843750,0.0000005
1.4569015,45.00000,-21,9464843750,0.0000010
1.4570010,45.00000,-21,9468750000,0.0000005
1.4571010,45.00000,-21,9468750000,0.0000010
1.4572010,45.00000,-20,9468750000,0.0000010
1.4573010,45.00000,-21,9468750000,0.0000010
1.4574010,45.00000,-21,9472656250,0.0000010
1.4575010,45.00000,-21,9468750000,0.0000015
1.4576010,45.00000,-21,9468750000,0.0000010
1.4577010,45.00000,-22,9468750000,0.0000010
1.4578005,46.40625,-20,9468750000,0.0000010
1.4579010,45.00000,-20,9464843750,0.0000010
1.4580010,43.59375,-20,9468750000,0.0000010
1.4581010,45.00000,-20,9464843750,0.0000005
1.4582010,45.00000,-20,9464843750,0.0000010
1.4583010,45.00000,-20,9468750000,0.0000010
1.4584010,43.59375,-20,9468750000,0.0000010
1.4585015,45.00000,-20,9468750000,0.0000010
1.4586005,45.00000,-20,9464843750,0.0000005
1.4587015,45.00000,-21,9468750000,0.0000005
1.4588010,45.00000,-19,9468750000,0.0000010
1.4589010,46.40625,-21,9468750000,0.0000010
1.4590010,45.00000,-19,9468750000,0.0000010
1.4591015,46.40625,-20,9468750000,0.0000010
1.4592010,45.00000,-20,9468750000,0.0000010
1.4593010,43.59375,-19,9468750000,0.0000010
1.4594010,43.59375,-20,9468750000,0.0000010
1.4595010,43.59375,-20,9468750000,0.0000010
1.4596010,46.40625,-19,9468750000,0.0000010
1.4597005,45.00000,-20,9468750000,0.0000010
1.4598010,45.00000,-20,9468750000,0.0000010
1.4599015,43.59375,-21,9472656250,0.0000010
1.4600010,46.40625,-20,9464843750,0.0000010
1.4601010,45.00000,-20,9468750000,0.0000005
1.4602010,45.00000,-20,9468750000,0.0000010
1.4603010,45.00000,-21,9468750000,0.0000015
1.4604010,45.00000,-20,9468750000,0.0000010
1.4605005,45.00000,-20,9464843750,0.0000010
1.4606010,46.40625,-20,9468750000,0.0000010
1.4607010,45.00000,-21,9468750000,0.0000010
1.4608010,45.00000,-20,9468750000,0.0000005
1.4609015,45.00000,-20,9468750000,0.0000005
1.4610010,45.00000,-20,9468750000,0.0000015
1.4611010,45.00000,-21,9464843750,0.0000010
1.4612010,45.00000,-20,9468750000,0.0000010
1.4613015,43.59375,-20,9464843750,0.0000010
1.4614005,45.00000,-20,9464843750,0.0000010
1.4615010,45.00000,-20,9472656250,0.0000010
1.4616015,45.00000,-20,9464843750,0.0000015
1.4617010,43.59375,-20,9468750000,0.0000015
1.4618010,45.00000,-20,9468750000,0.0000010
1.4619010,45.00000,-20,9468750000,0.0000005
1.4620010,45.00000,-21,9468750000,0.0000010
1.4621010,45.00000,-21,9468750000,0.0000005
1.4622010,43.59375,-21,9468750000,0.0000010
1.4623010,45.00000,-21,9468750000,0.0000015
1.4624010,43.59375,-21,9464843750,0.0000010
1.4625010,45.00000,-22,9468750000,0.0000010
1.4626010,43.59375,-21,9468750000,0.0000010
1.4627010,45.00000,-20,9468750000,0.0000010
1.4628010,45.00000,-21,9468750000,0.0000010
1.4629005,45.00000,-21,9468750000,0.0000010
1.4630010,46.40625,-21,9468750000,0.0000010
1.4631005,45.00000,-21,9468750000,0.0000010
1.4632005,45.00000,-20,9468750000,0.0000010
1.4633010,45.00000,-21,9468750000,0.0000005
1.4634010,45.00000,-21,9468750000,0.0000010
1.4635010,45.00000,-20,9468750000,0.0000010
1.4636010,43.59375,-23,9468750000,0.0000010
1.4637010,45.00000,-21,9468750000,0.0000010
1.4638010,45.00000,-23,9468750000,0.0000010
1.4639010,45.00000,-22,9468750000,0.0000005
1.4640015,45.00000,-22,9468750000,0.0000010
1.4641005,45.00000,-22,9468750000,0.0000010
1.4642005,45.00000,-22,9468750000,0.0000010
1.4643010,45.00000,-22,9468750000,0.0000010
1.4644010,43.59375,-22,9468750000,0.0000010
1.4645010,45.00000,-22,9468750000,0.0000015
1.4646010,46.40625,-23,9472656250,0.0000010
1.4647010,45.00000,-22,9468750000,0.0000010
1.4648010,45.00000,-23,9468750000,0.0000010
1.4649010,45.00000,-24,9468750000,0.0000010
1.4650010,46.40625,-23,9468750000,0.0000010
1.4651010,45.00000,-23,9468750000,0.0000010
1.4652010,43.59375,-23,9468750000,0.0000010
1.4653010,45.00000,-24,9464843750,0.0000010
1.4654005,45.00000,-24,9468750000,0.0000010
1.4655010,45.00000,-24,9472656250,0.0000010
1.4656005,45.00000,-24,9468750000,0.0000010
1.4657010,45.00000,-24,9468750000,0.0000010
1.4658005,45.00000,-24,9468750000,0.0000005
1.4659010,45.00000,-25,9468750000,0.0000010
1.4660010,45.00000,-25,9468750000,0.0000010
1.4661010,45.00000,-25,9468750000,0.0000010
1.4662010,45.00000,-25,9468750000,0.0000015
1.4663010,45.00000,-25,9468750000,0.0000010
1.4664010,45.00000,-26,9464843750,0.0000005
1.4665005,45.00000,-26,9468750000,0.0000010
1.4666010,45.00000,-26,9468750000,0.0000005
1.4667010,45.00000,-26,9464843750,0.0000010
1.4668010,45.00000,-27,9468750000,0.0000010
1.4669010,45.00000,-27,9468750000,0.0000010
1.4670010,45.00000,-27,9472656250,0.0000015
1.4671010,46.40625,-27,9468750000,0.0000010
1.4672005,43.59375,-28,9468750000,0.0000010
1.4673015,45.00000,-28,9468750000,0.0000015
1.4674010,45.00000,-28,9468750000,0.0000010
1.4675010,45.00000,-29,9468750000,0.0000010
1.4676010,45.00000,-29,9468750000,0.0000005
1.4677010,45.00000,-29,9468750000,0.0000010
1.4678010,45.00000,-30,9468750000,0.0000010
1.4679010,43.59375,-31,9472656250,0.0000010
1.4680010,45.00000,-31,9468750000,0.0000010
1.4681010,45.00000,-31,9468750000,0.0000010
1.4682010,45.00000,-31,9468750000,0.0000010
1.4683015,43.59375,-32,9468750000,0.0000015
1.4684010,45.00000,-32,9468750000,0.0000010
1.4685010,45.00000,-33,9468750000,0.0000010
1.4686010,45.00000,-34,9468750000,0.0000010
1.4687010,45.00000,-34,9468750000,0.0000005
1.4688010,45.00000,-35,9468750000,0.0000010
1.4689015,45.00000,-36,9468750000,0.0000010
1.4690005,43.59375,-38,9468750000,0.0000010
1.4691010,45.00000,-38,9468750000,0.0000010
1.4692010,45.00000,-40,9468750000,0.0000005
1.4693010,45.00000,-40,9464843750,0.0000015
1.4694010,45.00000,-41,9468750000,0.0000010
1.4695010,45.00000,-43,9468750000,0.0000005
1.4696010,45.00000,-46,9468750000,0.0000010
1.4697005,43.59375,-49,9468750000,0.0000015
2.9000010,45.00000,-47,9468750000,0.0000010
2.9002010,45.00000,-44,9468750000,0.0000010
2.9003010,46.40625,-42,9468750000,0.0000010
2.9004010,45.00000,-41,9468750000,0.0000010
2.9005010,46.40625,-39,9468750000,0.0000010
2.9006010,45.00000,-38,9472656250,0.0000010
2.9007010,45.00000,-37,9468750000,0.0000015
2.9008010,45.00000,-37,9468750000,0.0000010
2.9009015,45.00000,-34,9468750000,0.0000005
2.9010015,45.00000,-35,9468750000,0.0000010
2.9011010,45.00000,-34,9468750000,0.0000010
2.9012010,45.00000,-33,9468750000,0.0000010
2.9013010,45.00000,-33,9468750000,0.0000010
2.9014010,45.00000,-32,9472656250,0.0000010
2.9015010,45.00000,-31,9468750000,0.0000010
2.9016010,45.00000,-31,9468750000,0.0000010
2.9017010,45.00000,-31,9468750000,0.0000010
2.9018015,43.59375,-30,9468750000,0.0000010
2.9019010,45.00000,-30,9468750000,0.0000010
2.9020010,45.00000,-29,9468750000,0.0000015
2.9021010,43.59375,-29,9468750000,0.0000010
2.9022015,45.00000,-29,9468750000,0.0000010
2.9023010,43.59375,-28,9464843750,0.0000010
2.9024010,45.00000,-28,9468750000,0.0000010
2.9025010,45.00000,-29,9468750000,0.0000010
2.9026010,43.59375,-27,9468750000,0.0000010
2.9027010,45.00000,-27,9472656250,0.0000010
2.9028010,46.40625,-27,9468750000,0.0000010
2.9029010,45.00000,-27,9468750000,0.0000010
2.9030010,45.00000,-26,9464843750,0.0000010
2.9031010,45.00000,-26,9468750000,0.0000010
2.9032010,43.59375,-27,9468750000,0.0000015
2.9033005,43.59375,-26,9468750000,0.0000010
2.9034015,43.59375,-25,9464843750,0.0000010
2.9035015,43.59375,-25,9468750000,0.0000010
2.9036010,45.00000,-25,9468750000,0.0000010
2.9037010,45.00000,-25,9468750000,0.0000010
2.9038005,43.59375,-25,9468750000,0.0000010
2.9039015,46.40625,-24,9468750000,0.0000010
2.9040010,45.00000,-24,9468750000,0.0000010
2.9041010,45.00000,-23,9472656250,0.0000010
2.9042010,43.59375,-24,9468750000,0.0000005
2.9043015,46.40625,-24,9472656250,0.0000010
2.9044015,45.00000,-24,9468750000,0.0000010
2.9045010,43.59375,-23,9468750000,0.0000010
2.9046010,46.40625,-23,9464843750,0.0000005
2.9047010,45.00000,-23,9468750000,0.0000005
2.9048010,45.00000,-23,9468750000,0.0000010
2.9049010,45.00000,-23,9464843750,0.0000010
2.9050010,45.00000,-22,9468750000,0.0000005
2.9051010,45.00000,-23,9468750000,0.0000010
2.9052010,45.00000,-23,9468750000,0.0000010
2.9053010,43.59375,-22,9468750000,0.0000010
2.9054010,45.00000,-22,9468750000,0.0000010
2.9055010,45.00000,-23,9468750000,0.0000010
2.9056005,45.00000,-23,9468750000,0.0000010
2.9057010,45.00000,-22,9468750000,0.0000010
2.9058010,45.00000,-22,9468750000,0.0000010
2.9059010,45.00000,-22,9472656250,0.0000010
2.9060010,45.00000,-22,9464843750,0.0000005
2.9061010,46.40625,-22,9468750000,0.0000010
2.9062010,45.00000,-23,9468750000,0.0000010
2.9063010,45.00000,-21,9468750000,0.0000010
2.9064010,45.00000,-21,9468750000,0.0000010
2.9065010,45.00000,-22,9468750000,0.0000010
2.9066010,45.00000,-22,9464843750,0.0000010
2.9067010,45.00000,-21,9468750000,0.0000010
2.9068015,45.00000,-20,9468750000,0.0000010
2.9069010,45.00000,-21,9468750000,0.0000010
2.9070010,45.00000,-21,9468750000,0.0000010
2.9071015,45.00000,-20,9468750000,0.0000010
2.9072005,45.00000,-22,9468750000,0.0000010
2.9073010,46.40625,-21,9468750000,0.0000010
2.9074010,45.00000,-21,9468750000,0.0000015
2.9075010,45.00000,-21,9468750000,0.0000015
2.9076010,45.00000,-21,9468750000,0.0000010
2.9077010,43.59375,-21,9464843750,0.0000005
2.9078010,45.00000,-20,9468750000,0.0000015
2.9079010,46.40625,-20,9468750000,0.0000010
2.9080010,45.00000,-20,9468750000,0.0000010
2.9081010,46.40625,-20,9468750000,0.0000010
2.9082010,45.00000,-20,9468750000,0.0000010
2.9083010,45.00000,-19,9468750000,0.0000010
2.9084015,43.59375,-19,9468750000,0.0000010
2.9085010,45.00000,-20,9472656250,0.0000010
2.9086010,46.40625,-20,9472656250,0.0000010
2.9087010,45.00000,-20,9468750000,0.0000010
2.9088010,45.00000,-20,9468750000,0.0000010
2.9089015,45.00000,-20,9468750000,0.0000010
2.9090010,45.00000,-20,9468750000,0.0000010
2.9091010,45.00000,-20,9468750000,0.0000010
2.9092015,45.00000,-20,9468750000,0.0000010
2.9093010,45.00000,-20,9468750000,0.0000015
2.9094010,45.00000,-21,9468750000,0.0000010
2.9095015,45.00000,-20,9468750000,0.0000015
2.9096010,43.59375,-20,9468750000,0.0000010
2.9097005,45.00000,-19,9468750000,0.0000010
2.9098010,45.00000,-20,9464843750,0.0000010
2.9099015,45.00000,-21,9468750000,0.0000010
2.9100010,45.00000,-20,9472656250,0.0000005
2.9101005,45.00000,-20,9468750000,0.0000015
2.9102010,45.00000,-20,9468750000,0.0000010
2.9103010,46.40625,-20,9464843750,0.0000010
2.9104010,45.00000,-20,9468750000,0.0000005
2.9105010,43.59375,-20,9464843750,0.0000010
2.9106010,45.00000,-20,9464843750,0.0000010
2.9107010,45.00000,-20,9472656250,0.0000010
2.9108010,45.00000,-20,9464843750,0.0000010
2.9109005,45.00000,-20,9472656250,0.0000010
2.9110010,45.00000,-20,9468750000,0.0000005
2.9111015,45.00000,-20,9468750000,0.0000010
2.9112010,43.59375,-20,9468750000,0.0000010
2.9113010,45.00000,-20,9468750000,0.0000010
2.9114010,45.00000,-20,9468750000,0.0000010
2.9115010,45.00000,-20,9468750000,0.0000010
2.9116010,43.59375,-20,9468750000,0.0000005
2.9117015,45.00000,-20,9468750000,0.0000010
2.9118005,45.00000,-20,9468750000,0.0000010
2.9119010,45.00000,-20,9468750000,0.0000010
2.9120010,45.00000,-20,9468750000,0.0000010
2.9121010,46.40625,-22,9468750000,0.0000005
2.9122010,45.00000,-21,9468750000,0.0000010
2.9123010,45.00000,-21,9468750000,0.0000005
2.9124010,45.00000,-21,9468750000,0.0000010
2.9125015,45.00000,-21,9472656250,0.0000010
2.9126010,45.00000,-21,9468750000,0.0000010
2.9127010,45.00000,-20,9468750000,0.0000005
2.9128005,43.59375,-21,9468750000,0.0000010
2.9129010,45.00000,-21,9464843750,0.0000010
2.9130010,45.00000,-21,9468750000,0.0000010
2.9131010,45.00000,-21,9464843750,0.0000010
2.9132010,46.40625,-21,9468750000,0.0000010
2.9133010,45.00000,-21,9468750000,0.0000010
2.9134010,45.00000,-21,9468750000,0.0000010
2.9135010,45.00000,-21,9472656250,0.0000010
2.9136010,45.00000,-22,9468750000,0.0000010
2.9137010,45.00000,-22,9464843750,0.0000010
2.9138010,45.00000,-22,9468750000,0.0000005
2.9139010,45.00000,-22,9468750000,0.0000010
2.9140010,45.00000,-23,9468750000,0.0000010
2.9141010,45.00000,-22,9472656250,0.0000010
2.9142010,43.59375,-22,9468750000,0.0000010
2.9143010,45.00000,-22,9468750000,0.0000005
2.9144010,45.00000,-23,9464843750,0.0000010
2.9145010,45.00000,-22,9468750000,0.0000010
2.9146010,45.00000,-23,9468750000,0.0000010
2.9147005,45.00000,-23,9468750000,0.0000010
2.9148015,45.00000,-23,9468750000,0.0000015
2.9149015,45.00000,-23,9468750000,0.0000010
2.9150010,45.00000,-24,9468750000,0.0000010
2.9151010,45.00000,-23,9468750000,0.0000010
2.9152010,45.00000,-23,9468750000,0.0000010
2.9153010,45.00000,-24,9468750000,0.0000010
2.9154010,45.00000,-24,9472656250,0.0000010
2.9155010,46.40625,-24,9468750000,0.0000010
2.9156010,45.00000,-23,9464843750,0.0000010
2.9157010,45.00000,-24,9468750000,0.0000010
2.9158010,46.40625,-24,9468750000,0.0000010
2.9159010,45.00000,-25,9468750000,0.0000010
2.9160010,45.00000,-25,9472656250,0.0000015
2.9161010,45.00000,-24,9468750000,0.0000010
2.9162010,45.00000,-25,9468750000,0.0000010
2.9163010,46.40625,-25,9468750000,0.0000010
2.9164010,46.40625,-26,9468750000,0.0000010
2.9165010,45.00000,-25,9468750000,0.0000010
2.9166010,45.00000,-25,9468750000,0.0000010
2.9167010,43.59375,-26,9468750000,0.0000010
2.9168010,45.00000,-28,9468750000,0.0000010
2.9169010,45.00000,-27,9468750000,0.0000010
2.9170005,45.00000,-27,9468750000,0.0000015
2.9171010,45.00000,-27,9468750000,0.0000015
2.9172010,45.00000,-27,9472656250,0.0000010
2.9173010,45.00000,-28,9472656250,0.0000010
2.9174015,45.00000,-28,9468750000,0.0000010
2.9175010,45.00000,-29,9468750000,0.0000010
2.9176015,45.00000,-29,9468750000,0.0000010
2.9177010,45.00000,-29,9468750000,0.0000010
2.9178010,45.00000,-30,9468750000,0.0000010
2.9179010,45.00000,-30,9468750000,0.0000010
2.9180010,45.00000,-31,9468750000,0.0000010
2.9181010,46.40625,-31,9468750000,0.0000010
2.9182010,45.00000,-31,9468750000,0.0000010
2.9183010,45.00000,-32,9468750000,0.0000010
2.9184015,43.59375,-33,9468750000,0.0000010
2.9185010,45.00000,-33,9468750000,0.0000010
2.9186010,45.00000,-34,9468750000,0.0000015
2.9187010,45.00000,-34,9472656250,0.0000010
2.9188010,45.00000,-35,9464843750,0.0000010
2.9189010,46.40625,-35,9468750000,0.0000010
2.9190010,45.00000,-37,9472656250,0.0000010
2.9191005,45.00000,-39,9468750000,0.0000010
2.9192010,45.00000,-39,9468750000,0.0000010
2.9193015,45.00000,-40,9468750000,0.0000010
2.9194010,45.00000,-42,9468750000,0.0000015
2.9195010,45.00000,-42,9468750000,0.0000010
2.9196010,45.00000,-47,9468750000,0.0000010
2.9197010,45.00000,-49,9464843750,0.0000010
